Verilog
NOTE 21/1/26 : rej was correct. shake was wrong (probably about appending matrix index or byte order)

=== Poly 0 ===
1755 1438 2614 3103 1499 2168 3073 2706 223 3257 563 3241 52 224 2655 2779 
1356 1903 1634 585 2440 977 1841 547 2250 1427 1811 2435 159 725 2193 2479 
2971 2887 1746 1372 2376 2954 1883 556 1159 1087 2597 189 888 135 84 3117 
1294 2965 233 586 1671 2363 1321 937 2686 218 1590 330 2994 1668 54 2154 
1632 3257 632 2112 1611 1736 1946 496 1429 1692 1656 178 3027 3205 3036 2036 
3133 743 2527 1340 1837 1940 1823 1199 1071 2141 410 2203 2718 1091 576 462 
1949 1145 426 3124 2762 249 1088 2699 441 2266 1791 3253 3106 1830 1011 933 
2978 490 1350 1238 1533 304 2940 3249 1812 894 2520 2586 2228 501 1093 3316 
221 1422 2322 574 3144 670 610 2765 3117 2938 1764 2723 1074 2050 967 1994 
2103 1237 2742 2927 2184 50 944 21 2653 2223 1735 1174 619 553 322 672 
2698 1218 261 2753 1905 1636 3113 2527 344 2359 2194 2055 2541 2496 863 1609 
3150 2487 98 2019 935 2163 2478 3238 2247 1241 1096 3115 1612 2830 2442 1099 
2685 332 2726 50 1061 2929 1683 1523 814 3093 1666 464 2050 193 3239 1433 
425 2676 376 89 274 1753 227 1032 2309 206 2073 2545 754 1704 148 1658 
684 416 2838 1107 729 1111 768 592 1590 2262 1881 787 2681 985 504 779 
2259 1302 2619 387 1636 35 1842 1079 2482 2067 1303 1750 583 2244 3301 430 

=== Poly 1 ===
1383 675 2483 1659 2173 1614 2805 3215 217 2655 1285 2558 523 1272 1967 1560 
1402 492 1243 2720 1512 2336 571 3133 3020 1958 2571 3096 1677 1802 425 3038 
3083 1207 1658 2283 519 1072 286 2632 2454 2506 3077 2649 258 1915 184 2975 
3298 2493 2964 372 2418 2062 1441 1968 3105 982 1622 2601 1471 954 1358 1991 
2759 170 1729 1285 2115 640 3317 2078 3075 2762 2033 1351 2471 3325 468 2956 
810 668 1973 1666 537 1924 737 57 2057 1059 2796 433 3096 1353 2221 2254 
2863 438 3007 1128 490 305 802 1405 383 3162 1284 1667 2629 2229 3123 438 
1859 1130 2977 431 2994 54 1627 1901 317 716 1230 30 2080 3190 113 253 
57 3157 2117 1467 2926 2644 1843 2202 1832 1345 786 1172 971 2577 1724 977 
1141 2039 6 2726 495 214 1393 3324 2 3214 1211 35 1970 2120 1835 3174 
2204 1034 3080 992 28 1051 653 1262 1426 918 1521 2746 39 800 2046 76 
1143 2132 2064 1306 678 3171 2761 1705 2574 925 1172 2268 423 1603 2865 409 
997 2288 2722 2144 1040 707 507 2174 276 3072 3244 2507 2132 3222 2061 1260 
509 2457 1704 1908 387 644 2649 530 1972 2420 1509 1175 2956 2479 2598 1486 
2400 2900 2892 2219 1989 2116 14 1606 347 1185 745 239 1668 2410 2546 596 
2782 3003 2431 1514 3079 2638 2891 3051 2691 2408 123 1524 1321 1678 3225 420 

=== Poly 2 ===
1002 2897 1603 2047 42 1187 1132 1692 1100 2709 2433 147 2669 261 1145 1085 
2678 2130 309 1136 651 2 255 323 3049 454 2965 1050 775 468 3195 1513 
638 920 2879 1368 1453 1032 336 1480 1064 741 481 1980 2439 3139 2114 2073 
449 697 3007 832 2892 1973 1148 1976 3167 312 3294 1545 1089 1229 1377 588 
1833 1486 740 1532 2776 2943 2180 496 1064 1142 489 797 2004 2375 764 2975 
396 664 1497 776 1637 1016 3319 384 677 1104 1976 51 3068 2230 329 2143 
1432 307 169 3048 3036 401 363 1110 3021 1863 699 1056 1000 1785 2315 2400 
2906 901 1519 2065 211 930 2190 1436 1271 2388 503 2424 2418 1597 454 1310 
2297 2623 748 1566 2817 230 2879 2282 962 2319 117 1138 2373 1237 876 3214 
1761 2801 1876 2199 1985 631 1480 1565 3269 2207 542 2682 771 2514 2006 2343 
3208 3049 327 2781 385 457 1157 2724 1522 1370 2574 2473 186 1975 1983 665 
554 426 532 3129 2066 3039 1091 2241 1954 1711 1559 366 2397 699 3149 1146 
3100 2008 436 1487 2646 3155 413 951 3305 2212 2296 2775 2605 1209 97 1723 
3056 1099 56 1227 1112 783 653 2644 2125 371 1897 1660 122 1809 2669 2833 
2222 364 712 762 2456 2460 1980 2089 388 358 1007 2554 465 924 51 2481 
480 1002 1602 377 2118 3073 2891 2942 3071 2063 1390 575 1249 1141 495 1258 

=== Poly 3 ===
2034 2375 1636 1399 3078 3088 521 3076 1981 3079 1680 2736 3004 223 1808 507 
1200 2045 3305 2157 1666 1203 1412 64 147 1423 3241 201 486 1543 3042 1688 
1208 2920 2384 3246 2721 1054 892 897 1410 2755 2124 3110 1039 2930 2739 1773 
3328 2797 2997 2682 408 3060 3158 2687 3306 3033 3204 2393 2955 2330 613 3119 
2286 1557 3160 35 3280 2209 2673 2146 991 418 2680 1136 50 2920 3158 2756 
2535 3276 1348 2078 2394 2352 256 2069 1532 371 1274 2297 1200 1197 2517 1332 
477 1555 2083 1033 1310 289 894 2255 274 245 1354 1644 1165 1804 2015 794 
119 483 1073 588 2218 1211 2963 1930 489 2318 1477 3260 342 2286 870 2913 
218 1394 243 3098 1795 2988 3249 414 490 658 1320 1205 655 2953 1727 176 
2038 551 2677 2388 325 469 948 987 873 1162 1681 1721 684 2083 2688 2313 
1555 1384 2868 726 2999 1602 2701 1442 2716 2265 1000 3127 3003 823 1729 2698 
2712 2942 1158 2048 968 48 3231 621 1392 1207 1660 2118 2571 279 1567 206 
1302 943 1494 2587 2122 1988 1914 872 3236 2042 3138 1696 2147 172 3033 3147 
344 2286 1011 2862 285 62 2580 66 2537 2893 1572 1293 1406 925 996 170 
1186 1457 625 3243 3046 1295 3328 1506 392 1614 1889 573 1407 2649 506 279 
2506 264 380 1323 2233 2734 3016 537 986 3169 47 3284 630 886 2548 1756 

=== Poly 4 ===
1683 2517 2252 1897 3209 1779 3207 2982 1141 412 215 3146 1873 1351 1354 233 
1487 2522 1610 2786 1479 2439 1383 1445 1333 302 1248 3203 1004 801 1655 3184 
1335 2639 667 1177 3283 1681 2803 2643 2457 2277 2261 116 75 1382 2505 2883 
879 2946 1046 2812 153 156 2271 2843 2500 2063 2772 1362 1100 3076 2692 955 
2613 2797 1885 216 1967 1574 1177 2827 535 48 2501 1660 1405 2879 1026 3023 
264 309 1589 601 1106 554 3144 2417 3159 84 2180 84 1917 419 1786 3035 
2753 1580 405 2712 413 1459 1958 466 527 2117 560 2326 3175 541 1777 1960 
1413 545 2645 1141 2464 2705 1851 1340 2742 1398 887 61 798 1617 487 1729 
2436 450 552 2616 2951 3074 580 1913 2202 302 655 2698 1420 1652 1887 1962 
2218 2812 67 3129 2953 1553 1307 948 853 2092 2199 2239 999 1123 2597 2080 
1971 1148 1172 533 502 2461 1945 632 328 1779 661 818 621 1715 2251 2282 
412 1516 2312 375 2280 2040 912 2854 2878 414 328 2098 829 1338 441 1594 
2238 1668 1873 2357 1642 2070 2338 157 2034 3303 1871 516 232 328 3232 1584 
1363 2741 1391 1241 475 1691 484 1756 65 291 2841 2983 1032 1580 3062 414 
166 2437 1663 1699 1513 486 360 2751 3065 1408 1354 2092 1332 3086 2917 2652 
1757 1055 3197 1928 1677 1686 3155 779 1964 1689 555 1579 2906 1104 2797 1140 

=== Poly 5 ===
3247 1126 3152 2022 185 2677 1022 2403 1709 1263 1684 2117 711 2522 56 2523 
2356 2257 2409 1868 1738 531 1027 3108 1983 1399 2788 2726 2184 2463 142 1041 
2185 2083 3189 384 916 1764 1242 2127 3266 255 1032 957 2630 2305 1983 812 
467 251 375 848 1097 69 2837 2168 2314 1037 906 1331 1760 1685 2585 414 
3129 2005 661 1372 799 2317 2367 1076 1008 2849 2740 625 842 2540 3150 750 
1069 3036 2290 976 1108 456 2599 58 1011 1631 1416 1834 383 1936 3055 268 
1534 2403 966 3127 2527 413 1162 3084 145 543 1118 3318 503 3099 2562 1212 
2776 127 560 999 3033 2649 546 1157 2738 696 83 1070 1859 2847 1716 2600 
3278 665 2008 2068 478 936 1856 93 672 2952 3286 803 1156 508 706 3010 
789 1797 380 2076 1229 1251 2818 2049 1903 2441 887 1374 1944 599 232 2943 
2412 1526 1287 2476 1122 1185 1076 1553 2973 2878 637 1238 1990 1085 1321 2168 
1678 1151 434 1183 641 2670 1379 2666 298 2562 166 1640 670 1914 1604 22 
3296 2615 3144 2122 2710 156 804 1644 1632 2861 125 2418 2617 78 654 379 
1390 2892 3225 1146 1324 1806 1926 541 3260 1618 31 1650 833 3319 3073 840 
843 251 3207 2546 120 2924 2180 1344 3150 193 638 1937 2112 404 3231 1539 
1346 17 1673 796 862 2141 1948 1386 1991 1019 1897 2048 1513 2582 403 989 

=== Poly 6 ===
2215 3284 765 1462 1623 1378 375 1699 1030 1106 1770 2442 427 2717 2777 847 
1376 821 1773 2378 2501 2187 1871 1509 1006 3082 118 367 2606 1204 192 256 
314 923 3172 2958 184 2125 3218 570 1641 756 1299 947 2925 1291 332 1670 
1491 1827 332 150 3217 1073 620 731 2382 1288 1390 1292 1958 2649 2575 1026 
2623 1439 502 1875 353 666 150 745 3135 502 1830 703 2733 501 1540 816 
3324 1023 451 496 499 2544 1214 296 1103 2441 2231 1831 10 1894 444 2879 
232 2241 2719 3173 1261 953 1042 2685 1978 2794 78 2733 2740 3208 2041 3223 
1998 1606 39 1861 80 1383 2979 59 1780 992 2655 1457 3089 1371 1774 1729 
856 2227 962 2793 3158 3047 2394 2078 2944 2688 1183 348 3234 82 1289 622 
1874 1822 2240 371 1120 816 2002 2837 2186 2650 2905 3019 1568 1152 1095 230 
2371 3164 3055 3046 2249 635 1594 2901 2070 968 875 1754 1796 1604 2017 944 
306 2846 1530 2034 1008 228 1980 207 770 1297 601 1004 865 1521 201 708 
1141 1534 3098 32 1328 877 2782 426 2534 2986 1837 2311 169 1711 2283 1876 
1979 1038 1586 1132 1517 3283 2071 1488 192 3124 1258 974 2871 155 3160 1203 
1903 2166 2460 1487 2732 2064 2046 2855 2928 2656 1792 386 2437 23 3129 1349 
2107 2010 3099 465 2828 1292 3291 554 2742 1906 1078 1032 1175 2179 1503 1236 

=== Poly 7 ===
2667 127 17 2377 452 499 2543 1985 3179 2674 1176 487 3254 1261 538 201 
1525 2644 2797 1593 1233 747 2288 1106 1893 947 852 1113 1452 141 2525 3179 
2795 773 574 568 2792 2966 1781 3298 2884 3086 381 1636 2340 1776 1822 1952 
1838 2799 2997 2979 1130 2512 1269 2752 1705 1110 1991 1876 2604 3257 2062 784 
2490 2970 947 2717 532 1739 874 612 2527 524 2451 317 512 1294 778 3018 
2095 1324 249 149 3192 1084 72 1370 1751 657 465 1999 2267 2124 2208 2574 
2625 1205 2575 2672 1304 918 1726 3313 3060 2550 2377 458 1300 191 1974 2872 
1391 458 1379 3105 838 2057 1179 80 1750 2350 1149 356 2914 1246 1537 2392 
1105 2790 2729 544 2774 1812 3280 1895 519 699 3270 3207 3252 13 1450 2833 
816 2722 808 134 3228 1459 2252 2847 3280 611 1681 2973 1581 3170 2939 860 
930 285 1441 588 2926 129 1669 2174 705 340 2685 3237 2089 589 1915 539 
2831 2682 444 94 992 329 2935 2622 2821 1737 1651 2962 2600 2694 1720 412 
2418 2681 1815 716 1617 2149 2416 2892 1882 2653 2228 1634 2161 3327 1717 1013 
1167 1 1085 364 1184 208 799 786 1479 1821 3084 3185 61 3193 1474 3225 
1857 626 1250 2051 2709 346 495 1470 2644 1621 2342 1998 1272 785 2528 2521 
3053 754 1868 1013 744 2169 1348 2210 2762 3289 491 1902 1556 2196 950 1555 

=== Poly 8 ===
127 134 1288 2014 1315 1006 967 810 5 2965 1095 1016 1242 3141 426 1743 
1511 1282 1790 1145 1877 18 692 2552 2559 68 3105 2781 2801 2358 527 146 
2193 1147 1277 3140 2336 2582 2654 2093 2281 2736 996 1934 2677 2545 582 3068 
417 2253 2832 2110 1345 3299 1784 692 568 2584 3164 1831 3127 1867 99 1161 
2015 2034 401 761 1749 1439 999 1072 2551 109 105 182 2306 1605 2538 1839 
1805 184 1321 1530 2231 1389 1428 1098 1385 1611 3170 3280 1806 1626 2918 2807 
2466 3045 1930 563 2069 2764 107 432 91 887 2039 1330 1119 80 833 2194 
2114 1111 1982 946 2904 2580 1186 1891 1732 1177 111 2465 1202 2599 2303 2793 
2688 85 1743 2836 3328 2353 3253 874 2870 2604 2019 2115 1345 2805 1278 490 
1164 173 31 240 2086 931 295 1836 2454 3140 704 1382 1934 2822 2489 955 
1453 2934 1954 1940 1049 1966 337 1999 2323 774 1323 1638 3229 2282 2616 3286 
282 2207 71 2939 374 485 1025 3239 2570 2562 292 3263 45 766 1275 493 
1142 80 2658 708 731 867 1169 2309 2350 1510 2076 2689 1459 151 259 2687 
84 103 2494 82 2146 1708 2415 2116 2274 1457 476 1303 1430 3278 560 2471 
2584 1657 2842 2540 1290 2595 1084 161 977 2484 181 1656 1095 2009 48 2935 
866 1580 66 1891 2605 113 1490 1631 1564 1066 488 773 2996 2507 172 48 

C
=== A^T[0][0] ===
164 942 1417 3191 3125 1214 3006 2524 2984 1355 516 1397 2895 1801 2560 1038 2072 2888 2840 2908 2868 748 2776 741 980 1564 679 2460 247 535 1825 3132 2155 351 2335 2504 1763 2557 1156 1411 3205 2758 710 1864 2713 426 1296 325 2792 1592 2116 2795 2531 1574 2590 2156 1191 2673 3031 597 1548 1731 1229 696 2482 490 814 2649 2205 1348 2779 1721 1985 255 2522 2306 2783 197 2388 729 7 661 1764 2631 2430 1661 1881 578 483 829 2849 391 2084 965 2718 1936 1566 1565 827 1950 388 2527 2005 958 520 3154 171 3327 2672 321 2856 1714 1553 395 2748 2877 958 236 516 701 2452 1296 2845 1038 1044 359 2196 1142 80 88 3042 1280 1135 1997 38 1383 2259 2427 1647 1342 44 2213 1517 507 1412 932 2084 2800 886 2110 1389 2957 1243 1301 652 1963 2511 1732 2597 2446 106 2765 2795 2057 1182 1006 558 973 900 3301 1387 1224 2268 1393 2646 746 1999 2535 1382 1884 822 737 1586 1847 1999 2446 930 1694 574 2446 351 3145 2877 2434 1892 1492 3154 496 2049 3231 1075 699 2902 1761 1794 968 634 2020 2490 1600 65 3119 2427 693 781 1097 1456 3066 2800 2058 1049 2595 2480 1602 617 2559 1026 1012 3040 3309 1181 195 1385 884 1190 215 335 2617 1281 526 1123 2746 962 1904 2099 1620 55 2000 429 2674 1276 1733 1560 2183 1108 716
=== A^T[0][1] ===
3248 2298 960 2348 2962 2934 736 2951 1052 3180 3297 2379 351 1292 745 2643 3010 770 3041 23 2746 1733 2896 2647 2240 2063 2759 1306 207 2821 3167 3214 108 2506 1740 1777 1056 751 2525 3303 1971 1119 2396 401 2814 167 1414 2595 3 649 2522 1067 57 2098 1119 368 2610 670 1648 1596 2847 2482 2688 1092 169 1824 2950 1002 1615 2732 908 2051 940 3211 1754 191 1348 2062 1249 2006 2417 1554 2613 2075 74 1710 1096 621 382 2416 989 2781 312 3132 2074 2515 2060 434 984 2866 2226 1868 1691 265 3325 704 429 3299 4 3110 1761 1605 296 375 1577 3213 662 1979 2128 460 3171 512 2101 832 829 1982 1544 27 2694 2632 1579 2867 2649 594 2798 1912 2342 659 1434 1196 1929 948 3311 787 1146 1686 279 2876 3190 1069 2122 177 2436 1608 120 2975 964 2530 3294 3089 2592 2327 1910 386 141 2464 1515 1238 2925 845 1472 2620 3099 3008 782 2191 1580 2624 1601 1799 449 3065 1604 3010 345 1807 2236 1940 18 2796 642 3068 420 2639 2004 2213 2389 1633 1092 173 1410 948 643 2576 705 164 171 358 3126 2712 1424 2346 418 2503 2043 1328 3203 1300 1562 1169 2709 1127 3075 173 626 1169 2034 75 408 279 753 2785 657 3173 2816 250 2414 1088 1971 2787 757 1308 148 565 2784 249 1399 3192 330 343 1588 416 506 578 782 583
=== A^T[0][2] ===
105 132 1181 1188 255 827 2599 2650 1669 557 348 2030 1233 2229 1708 3209 308 810 882 962 14 593 2966 1223 1876 1976 1541 1239 765 512 2648 146 832 86 1671 1041 2482 620 3188 2923 2175 1629 292 1264 3247 3133 2884 1452 919 3308 3110 2720 977 317 2679 755 1700 1484 3191 1511 1798 641 2506 2692 1394 3064 2985 3283 2350 3212 1654 3065 1331 209 614 891 2782 118 1606 2713 3029 2693 3211 1572 2327 2332 127 1062 693 871 1096 723 2265 3275 2183 2311 2825 3197 2984 2033 1850 3299 2720 2664 1873 2078 560 2709 2308 55 3101 3011 1667 2651 892 1703 1442 937 3293 2422 2640 273 1666 1958 1002 254 1787 3276 135 2016 894 232 487 1732 2257 3070 936 1713 2937 1674 766 768 1549 117 1937 1477 1130 1881 2405 1177 1619 2912 2719 2235 2004 1804 16 2491 393 593 1966 2661 2231 1050 2057 1263 464 996 692 1113 3034 2483 3119 983 2256 1756 1101 1947 813 489 2898 2499 105 1989 2684 2674 2817 3202 1531 2840 446 2099 1907 992 1564 1635 262 1128 2684 2294 2645 1164 2622 2144 2427 550 1509 1193 1021 2463 3132 1127 2229 809 38 278 120 2888 2177 1516 2738 445 1400 1168 2798 1955 1377 614 881 2370 946 125 2019 82 2534 3230 1341 523 1648 592 1525 402 2861 1473 2782 2537 452 2908 667 1201 2374 2156 1528 2927 2931 1934
=== A^T[1][0] ===
2393 3264 1494 2879 1973 1292 2932 3115 2442 1003 383 1563 300 1194 688 336 1180 999 777 1304 1698 574 1620 1200 2349 2639 2487 1140 760 1958 2175 26 1965 2054 1223 1349 2406 2159 39 1173 678 487 1223 1983 899 1781 2443 1301 2436 2180 2499 2689 1403 691 818 723 2211 1518 52 945 663 2198 1342 2207 2869 2022 656 607 825 768 1788 1028 2892 2790 2520 1234 2092 2857 494 211 742 3010 2369 458 1849 2791 1295 2817 2478 2586 1824 954 1546 649 476 2855 1445 2548 328 3142 2269 1012 1720 609 928 621 1678 534 788 2246 2460 3129 308 1104 1716 272 2440 2396 3286 2295 2514 2298 2492 3228 1440 967 2380 3248 2155 3318 2575 1259 1165 1440 1533 194 1650 2390 2423 76 1617 1331 1290 526 1534 2346 2303 1280 2624 576 2564 2064 2747 1775 597 54 2512 154 1167 2872 685 2473 1117 1434 2689 1090 440 164 847 2179 2757 2930 634 1394 1524 2478 975 3176 1927 1914 1005 2711 1895 655 1294 1703 3207 1632 2098 3046 671 2454 557 602 2780 1869 1736 960 2181 3110 1423 1517 1965 2153 2869 2271 3199 1460 3089 2046 941 2346 3327 622 2980 1043 640 1081 2914 10 1283 3273 1760 3236 2126 1225 427 2200 2057 1337 2301 1782 1752 2705 2173 885 2554 1424 2019 11 1159 1442 956 1694 1719 1518 2782 1476 2971 874 1638 741 2775 2219 1520 2634
=== A^T[1][1] ===
233 1695 480 3080 1408 2563 2201 3119 1095 2533 2956 1189 1929 1572 1343 838 1242 2527 2304 1768 428 2052 1243 2179 1698 341 2269 12 636 2992 402 1124 1478 2002 71 1538 3077 1661 2696 778 583 42 781 2196 3014 2759 3003 1311 280 2944 385 949 634 241 2528 235 2238 2326 84 2392 3107 1207 2974 1291 2098 2075 2744 864 3021 2678 1000 2800 1784 1792 311 1906 3272 2401 22 927 1579 1771 999 3129 1236 410 190 1657 2487 1165 306 678 470 2627 1895 1288 1238 974 3025 1720 2739 1962 3060 222 1567 175 444 2579 727 1172 104 393 689 2905 1500 2371 1292 1522 403 904 1396 1029 171 627 2371 825 3152 2361 3211 1854 922 526 2515 2062 2048 484 1702 1667 843 2910 2150 248 1187 2495 2235 1937 2400 1631 493 2667 1762 1060 1043 2912 253 2958 109 953 1348 151 2724 1025 75 1224 2555 2000 511 3217 1701 1622 1406 555 767 3104 527 303 3244 489 1922 1493 660 37 2798 2752 2071 926 1793 3036 845 408 447 591 2939 3322 1155 1214 66 1641 3031 1996 1249 256 2293 2010 2779 1539 2969 25 688 2703 3098 2755 1742 1462 1899 1161 165 2186 488 1527 2632 2438 3202 2648 637 567 1906 274 198 968 1785 2240 3070 602 3110 236 1668 3290 534 1454 2367 1651 3271 373 2134 2831 2388 2432 3167 104 1535 100 688 3005 873 2339 
=== A^T[1][2] ===
118 2331 1520 2030 2389 3225 1975 2114 1905 2538 482 2319 3125 2958 2487 2196 123 217 236 2734 3302 2992 3197 781 2294 2823 1670 1781 171 983 1059 2588 1628 1202 2302 3211 425 92 2668 1706 1145 1535 2585 2921 68 1029 398 491 439 1305 2533 1879 703 2513 2317 408 804 1789 1420 1981 2942 1773 2482 60 1131 2996 3008 936 3306 458 414 1583 1427 2203 2454 580 160 2831 2584 2686 1908 1965 1908 2806 116 223 3116 1430 1853 948 1513 1778 270 110 246 2432 2984 1251 3141 1855 421 1643 1185 1770 225 2120 2908 1677 2626 1137 842 1598 2805 1951 2325 633 922 589 1178 1294 1813 2194 639 3215 1366 693 382 1766 1497 1831 2783 20 1981 1424 521 97 1601 3027 2815 956 1819 2043 988 753 1951 2648 485 2089 2032 185 1061 1219 1195 24 1609 797 2146 397 778 1492 2857 2546 2303 1169 3068 2129 230 1990 2267 1507 2111 2765 976 1838 425 1335 963 2662 2000 2341 1408 664 2016 1946 2845 3092 843 2738 580 2621 2461 1536 476 1229 2857 1958 2646 2028 2621 1592 1811 2204 116 542 832 3075 2784 457 2017 2608 932 2635 2719 2763 2575 1053 822 347 1731 2208 559 2757 261 1489 1767 3263 686 3164 249 419 3295 2759 2650 2265 3211 1117 930 435 407 3108 2018 3244 2107 2104 2347 1513 1842 2090 342 2480 1787 2635 148 828 3184 609
=== A^T[2][0] ===
2191 2258 2771 2162 123 1206 882 2030 3145 1829 487 2226 1011 79 1088 3170 615 1739 2491 472 2999 129 459 257 539 1592 1394 1760 1926 1479 1809 2213 2552 1237 1477 41 1846 2410 677 1294 1938 1420 206 274 3063 2832 144 350 888 1819 127 2578 2737 701 1424 995 172 3305 1905 1682 2713 1411 2930 1345 2611 2071 1036 2391 2944 374 1912 2523 2843 2445 3050 1569 3041 241 2991 730 903 3222 472 1193 2544 3 727 1499 2632 1214 3094 2814 1606 535 2249 1535 3099 1029 3164 1038 1198 2628 2604 2947 142 138 81 2168 1163 979 3303 1121 3246 2590 898 178 1054 2793 1542 2501 2042 2402 962 1870 77 3065 595 353 801 514 271 3242 1427 697 1966 2085 527 546 3187 655 2599 1813 2733 727 2151 2678 2055 2674 1530 2083 1077 706 1338 1261 668 1459 2915 2743 1283 811 2712 3062 2560 1038 1920 3137 388 1753 2099 1869 2797 240 1894 723 700 1363 2013 2847 1001 214 1705 2796 1374 881 1010 1205 1777 1220 826 815 565 2668 1632 3312 1754 2994 787 952 711 3296 1523 2915 2519 107 100 1047 2163 1741 476 440 3257 305 22 1313 1004 3071 2318 886 947 2500 843 3178 2174 2803 2990 3015 1696 1262 1819 1102 2400 2162 736 128 2441 2905 60 1710 2860 1364 1055 942 2147 335 1113 3322 1045 3002 383 2540 711 323 41 1464 276 2648
=== A^T[2][1] ===
371 2770 501 2509 1154 560 84 986 2303 3316 1143 1067 2727 2975 3084 2332 3220 1875 3213 210 1947 577 2778 751 2315 3168 1811 2885 1561 2926 3056 2532 2195 969 2866 902 551 1333 829 2135 1823 3028 2204 2388 1543 2672 993 57 1097 664 2340 3098 1977 2195 1259 3157 956 346 28 2787 159 2757 2809 726 1823 501 1956 1828 1520 3321 2899 3320 222 1917 2276 110 830 1774 1546 2641 2040 2757 2079 2277 459 1165 1184 1908 612 257 1085 3090 936 3055 2432 2247 684 2844 2689 1120 961 531 3248 2494 2508 1981 14 2076 1088 148 3050 873 3193 1089 2362 2830 2057 446 20 1813 1712 1608 1712 3313 905 2923 2157 3054 1006 1050 12 3301 1223 134 2788 1291 1261 2955 1958 3050 1049 1792 2454 1151 625 1257 1018 2210 2487 1252 1796 2945 354 1411 3321 2321 1756 1039 1530 2733 2431 2431 852 2269 1906 2806 2768 1158 2411 3250 1723 1179 1719 2731 1984 72 989 2740 458 2160 408 1758 772 867 2190 1943 1290 2759 866 2653 2680 1652 2861 2990 1611 2061 761 1617 2560 99 982 1877 700 2260 3301 3265 2613 171 2607 1398 1931 2720 1531 874 3204 971 1700 3034 2715 906 1935 2561 3144 565 600 585 304 1089 250 3098 2934 1146 977 2003 2227 3313 641 1070 3168 755 698 2391 1236 2970 3216 821 1738 2283 1747 732 1200 1537 1092 572 2641 2434
=== A^T[2][2] ===
227 1847 1057 2142 3108 633 2370 782 600 549 934 2233 1319 579 1248 916 1045 2936 407 1862 2359 1892 2194 579 3282 2673 2948 1317 2905 535 2974 993 3055 1893 3040 3135 2539 379 433 3018 3013 2288 3326 1192 1910 2995 2792 117 1502 748 1163 1065 2386 3279 1572 81 1358 2640 2295 1684 1141 2634 1871 1599 2384 35 2571 1133 1604 1668 1506 1509 2862 940 471 1920 1014 1525 3325 2833 3071 2848 931 170 3181 427 2925 2911 1543 2845 1517 1729 244 726 826 1268 467 301 1996 3010 2900 2238 1879 1509 93 1976 718 1397 2224 2444 2579 584 2201 344 2608 2624 2345 1820 2891 430 2069 2380 3205 1142 2700 1140 2056 3221 998 2799 678 2121 186 1395 2815 259 1432 611 1838 2454 287 1030 3061 2157 2574 461 3204 128 695 192 3277 1160 1151 1134 2847 807 1250 1654 20 2358 110 621 3197 3250 1595 2174 2064 2702 1462 2151 1978 1085 480 3020 1588 2076 2920 1551 1676 2473 1780 2391 2235 1153 1342 2129 2156 2165 1749 1215 2582 101 2966 287 2793 362 3086 1475 2418 534 1628 3323 1899 2221 3052 3202 1327 864 2145 1835 98 928 1479 1538 1895 2585 1417 1090 2554 1524 1968 3086 2685 395 836 3288 3063 2878 2935 580 1062 1755 2823 1362 1473 2711 2957 2502 394 2956 577 1065 489 352 1982 3165 351 2709 2532 419 2391 238 1264 1407 3176 2767